1111111111111111111122222222222222222222
1111111111111111111122222222222222222222
1111111111111111111122222222222222222222
1111111111111111111122222222222222222222
1111111111111111111122222222222222222222
1111111111111111111122222222222222222222
1111111111111111111122222222222222222222
1111111111111111111122222222222222222222
1111111111111111111122222222222222222222
1111111111111111111122222222222222222222
1111111111111111111122222222222222222222
1111111111111111111122222222222222222222
1111111111111111111122222222222222222222
1111111111111111111122222222222222222222
1111111111111111111122222222222222222222
1111111111111111111122222222222222222222
1111111111111111111122222222222222222222
1111111111111111111122222222222222222222
1111111111111111111122222222222222222222
1111111111111111111122222222222222222222
3333333333333333333333333333333333333333
3333333333333333333333333333333333333333
3333333333333333333333333333333333333333
3333333333333333333333333333333333333333
3333333333333333333333333333333333333333
3333333333333333333333333333333333333333
3333333333333333333333333333333333333333
3333333333333333333333333333333333333333
3333333333333333333333333333333333333333
3333333333333333333333333333333333333333
3333333333333333333333333333333333333333
3333333333333333333333333333333333333333
3333333333333333333333333333333333333333
3333333333333333333333333333333333333333
3333333333333333333333333333333333333333
3333333333333333333333333333333333333333
3333333333333333333333333333333333333333
3333333333333333333333333333333333333333
3333333333333333333333333333333333333333
3333333333333333333333333333333333333333